-7.630000000000000000e+02
-7.140000000000000000e+02
-8.430000000000000000e+02
-7.750000000000000000e+02
-9.420000000000000000e+02
-8.400000000000000000e+02
-8.950000000000000000e+02
-8.000000000000000000e+02
-4.050000000000000000e+02
-9.180000000000000000e+02
-8.690000000000000000e+02
-2.290000000000000000e+02
-2.920000000000000000e+02
-2.690000000000000000e+02
-3.220000000000000000e+02
-1.990000000000000000e+02
-1.270000000000000000e+02
-2.090000000000000000e+02
-2.390000000000000000e+02
-3.120000000000000000e+02
-2.470000000000000000e+02
-8.700000000000000000e+01
-2.270000000000000000e+02
-2.390000000000000000e+02
-3.320000000000000000e+02
-1.890000000000000000e+02
-3.420000000000000000e+02
-2.190000000000000000e+02
-2.170000000000000000e+02
-9.900000000000000000e+01
-1.990000000000000000e+02
-2.490000000000000000e+02
-2.210000000000000000e+02
-2.400000000000000000e+02
-2.920000000000000000e+02
-1.770000000000000000e+02
-1.670000000000000000e+02
-2.390000000000000000e+02
-3.220000000000000000e+02
-2.390000000000000000e+02
-2.840000000000000000e+02
-1.870000000000000000e+02
-2.010000000000000000e+02
-2.840000000000000000e+02
-2.600000000000000000e+02
-2.290000000000000000e+02
-2.890000000000000000e+02
-2.790000000000000000e+02
-1.990000000000000000e+02
-1.990000000000000000e+02
-2.590000000000000000e+02
-2.390000000000000000e+02
-1.870000000000000000e+02
-2.290000000000000000e+02
-2.210000000000000000e+02
-1.990000000000000000e+02
-2.210000000000000000e+02
-1.870000000000000000e+02
-3.020000000000000000e+02
-2.920000000000000000e+02
-2.920000000000000000e+02
-2.820000000000000000e+02
-2.720000000000000000e+02
-2.900000000000000000e+02
-2.090000000000000000e+02
-1.070000000000000000e+02
-2.590000000000000000e+02
-2.490000000000000000e+02
-1.910000000000000000e+02
-2.900000000000000000e+02
-2.290000000000000000e+02
-2.090000000000000000e+02
-2.410000000000000000e+02
-2.920000000000000000e+02
-2.490000000000000000e+02
-1.270000000000000000e+02
-2.690000000000000000e+02
-2.210000000000000000e+02
-2.410000000000000000e+02
-2.920000000000000000e+02
-2.520000000000000000e+02
-2.820000000000000000e+02
-1.950000000000000000e+02
-2.270000000000000000e+02
-2.920000000000000000e+02
-1.070000000000000000e+02
-3.120000000000000000e+02
-3.420000000000000000e+02
-3.020000000000000000e+02
-1.770000000000000000e+02
-1.570000000000000000e+02
-2.820000000000000000e+02
-1.990000000000000000e+02
-3.320000000000000000e+02
-2.170000000000000000e+02
-2.390000000000000000e+02
-2.170000000000000000e+02
-2.490000000000000000e+02
-2.890000000000000000e+02
-2.820000000000000000e+02
-2.290000000000000000e+02
